Mates: 3.9545454545454546
Lengua: 3.6818181818181817
Fisica: 4.7272727272727275
Quimica: 3.1818181818181817
Ingles: 4.454545454545454